29.86
39.89
40.79
26.98
28.13
27.17
25.16
22.2
22.44
22.07
21.44
21.84
21.63
21.97
22.41
22.4
22.5
22.25
22.72
23.32
24.08
23.33
23.86
23.95
23.51
23.62
23.87
23.69
23.97
24.14
24.06
24.33
24.3
24.09
23.98
24.55
24.05
24.19
24.34
24.32
24.41
24.42
24.75
24.61
24.97
24.61
25.94
26.02
25.86
26.45
26.66
26.7
26.54
27.13
26.79
27.04
27.06
27.28
26.99
27.36
27.63
27.57
27.48
27.97
27.69
28.12
27.79
27.72
28.33
28.33
28.36
28.32
28.64
28.25
28.19
28.88
28.7
28.86
28.93
29.83
29.86
29.72
30.13
29.62
30.14
29.78
30.22
30.29
30.31
30.07
30.41
30.37
30.89
30.43
31.03
30.84
30.6
31.01
31.18
30.8
31.4
31.05
31.44
31.41
31.59
31.71
31.41
31.25
32.61
32.62
32.4
32.52
32.8
33.18
33.46
33.38
33.56
33.19
33.34
33.36
33.21
33.5
33.35
33.75
33.59
33.87
33.81
34.14
33.86
34.29
34.41
34.4
34.52
34.52
34.38
34.53
34.48
34.74
35.36
35.92
35.64
35.98
35.97
35.94
36.07
36.24
35.85
36.43
36.58
36.16
36.55
36.0
40.3
39.38
31.23
26.71
26.77
26.97
27.6
27.64
26.83
27.22
27.14
26.96
27.46
27.58
27.79
27.47
27.94
28.08
27.99
27.91
27.85
27.74
27.99
28.57
28.45
28.75
28.92
28.88
28.85
