4.38
2.38
0.38
2.41
0.43
0.82
2.14
0.87
2.9
0.89
0.79
2.81
1.05
3.06
1.03
0.82
2.79
0.82
2.82
0.82
0.79
2.79
0.76
2.78
0.82
2.04
2.76
0.78
2.71
0.79
0.77
2.76
0.78
2.79
0.76
0.79
2.76
0.82
2.79
0.82
0.74
2.73
0.76
2.79
0.76
0.79
2.78
0.79
2.79
0.77
1.46
3.48
1.46
3.51
1.53
1.08
3.87
1.88
3.88
1.19
3.95
3.48
1.54
3.53
3.96
3.77
3.41
3.78
3.45
3.8
3.77
3.53
1.54
3.54
1.57
3.96
3.8
4.01
3.87
3.99
3.77
3.69
3.78
3.77
3.78
3.77
3.82
1.83
3.86
1.87
1.75
3.8
1.8
3.81
1.86
2.07
0.79
2.81
0.82
2.82
2.81
1.05
3.08
1.08
3.1
2.79
0.87
2.82
0.82
2.89
